Users,Price,Economy,TVTNum,InvestorTVT,InvestorPerc,InvestorSell,InvestorReturn,InvestorPercReturn
10000,0.006999999999999999,270000000.0,38000000000.0,0.0,0.0,0.0,0.0,-1.0
10670,0.007278063157894737,276566400.0,38000000000.0,0.0,0.0,0.0,0.0,0.0
10873,0.007648297105263158,290635290.0,38000000000.0,0.0,0.0,0.0,0.0,0.0
11133,0.0074356721052631575,282555540.0,38000000000.0,0.0,0.0,0.0,0.0,0.0
11438,0.00820827,311914260.0,38000000000.0,0.0,0.0,0.0,0.0,0.0
11230,0.008059002631578948,306242100.0,38000000000.0,0.0,0.0,0.0,0.0,0.0
11378,0.007599306315789474,288773640.0,38000000000.0,0.0,0.0,0.0,0.0,0.0
11446,0.008132684210526316,309042000.0,38000000000.0,0.0,0.0,0.0,0.0,0.0
12292,0.008209762105263158,311970960.0,38000000000.0,0.0,0.0,0.0,0.0,0.0
12899,0.008798475789473684,334342080.0,38000000000.0,0.0,0.0,0.0,0.0,0.0
13509,0.00921456,350153280.0,38000000000.0,0.0,0.0,0.0,0.0,0.0
13214,0.009388894736842105,356778000.0,38000000000.0,0.0,0.0,0.0,0.0,0.0
12650,0.008628631578947369,327888000.0,38000000000.0,0.0,0.0,0.0,0.0,0.0
13003,0.009238973684210526,351081000.0,38000000000.0,0.0,0.0,0.0,0.0,0.0
13103,0.008844525,336091950.0,38000000000.0,0.0,0.0,0.0,0.0,0.0
13441,0.009263678684210526,352019790.0,38000000000.0,0.0,0.0,0.0,0.0,0.0
13601,0.009760507105263157,370899270.0,38000000000.0,0.0,0.0,0.0,0.0,0.0
14457,0.009655754210526316,366918660.0,38000000000.0,0.0,0.0,0.0,0.0,0.0
15201,0.010584696315789474,402218460.0,38000000000.0,0.0,0.0,0.0,0.0,0.0
16173,0.011146601842105263,423570870.0,38000000000.0,0.0,0.0,0.0,0.0,0.0
16125,0.011571809210526316,439728750.0,38000000000.0,0.0,0.0,0.0,0.0,0.0
16363,0.011510078684210527,437382990.0,38000000000.0,0.0,0.0,0.0,0.0,0.0
16650,0.011357052631578947,431568000.0,38000000000.0,0.0,0.0,0.0,0.0,0.0
16782,0.011685571578947368,444051720.0,38000000000.0,0.0,0.0,0.0,0.0,0.0
17104,0.01227437052631579,466426080.0,38000000000.0,0.0,0.0,0.0,0.0,0.0
17185,0.011477771052631579,436155300.0,38000000000.0,0.0,0.0,0.0,0.0,0.0
17033,0.011739322894736842,446094270.0,38000000000.0,0.0,0.0,0.0,0.0,0.0
17763,0.012242446578947368,465212970.0,38000000000.0,0.0,0.0,0.0,0.0,0.0
17917,0.01222128,464408640.0,38000000000.0,0.0,0.0,0.0,0.0,0.0
18421,0.01230328894736842,467524980.0,38000000000.0,0.0,0.0,0.0,0.0,0.0
18726,0.007,500545980.0,71506568571.0,1005197057.0,0.014057408670112927,0.0,7036379.399,1.4072758798
18550,0.006934209121049784,495841500.0,71506568571.0,995145086.43,995145086.43,66217.34271046743,6966761.477801248,1.3933522955602498
19683,0.007134776149878188,510183360.0,71506568571.0,985193635.5656999,985193635.5656999,67451.30556912778,7162804.702325534,1.4325609404651067
21113,0.0076531285298165,547248960.0,71506568571.0,975341699.2100428,975341699.2100428,71628.22843754497,7669712.261261222,1.5339424522522445
21544,0.007972054195748243,570054240.0,71506568571.0,965588282.2179424,965588282.2179424,73867.03041201898,7976886.023750045,1.595377204750009
22619,0.008626062504838973,616820130.0,71506568571.0,955932399.3957629,955932399.3957629,79127.63632534472,8604224.171043048,1.7208448342086096
24369,0.009293448745763338,664542630.0,71506568571.0,946373075.4018053,946373075.4018053,84397.13320289145,9237758.347274495,1.847551669454899
24489,0.009339212373712436,667815030.0,71506568571.0,936909344.6477872,936909344.6477872,83964.60179143804,9276648.623030256,1.8553297246060514
24876,0.009298942646643365,664935480.0,71506568571.0,927540251.2013093,927540251.2013093,82766.5294793481,9234563.406302337,1.8469126812604673
25313,0.009462298408686424,676616490.0,71506568571.0,918264848.6892962,918264848.6892962,83378.29510788004,9381694.119541468,1.8763388239082937
26080,0.009749012068839803,697118400.0,71506568571.0,909082200.2024033,909082200.2024033,85045.66337650116,9640497.107753236,1.928099421550647
26639,0.009756801702871075,697675410.0,71506568571.0,899991378.2003794,899991378.2003794,84262.48021035272,9643143.658017661,1.9286287316035322
27285,0.009787356098693195,699860250.0,71506568571.0,890991464.4183755,890991464.4183755,83681.09298990817,9666238.082771592,1.9332476165543184
27817,0.010503356754621244,751059000.0,71506568571.0,882081549.7741917,882081549.7741917,88904.81155303188,10299509.355113387,2.0599018710226775
28927,0.010704029508002666,765408420.0,71506568571.0,873260734.2764499,873260734.2764499,89697.35590385187,10471798.174944902,2.0943596349889804
29704,0.011103706077178586,793987920.0,71506568571.0,864528126.9336854,864528126.9336854,92116.08996039505,10815971.813955486,2.163194362791097
31501,0.011894389802182975,850527000.0,71506568571.0,855882845.6643486,855882845.6643486,97688.82809865318,11494398.616462128,2.298879723292426
32944,0.012190463861155316,871698240.0,71506568571.0,847324017.207705,847324017.207705,99119.28454481423,11742586.520133043,2.3485173040266085
33500,0.012143220089463969,868320000.0,71506568571.0,838850777.0356278,838850777.0356278,97747.79926639968,11697411.116701465,2.339482223340293
34313,0.01217879640155443,870863940.0,71506568571.0,830462269.2652717,830462269.2652717,97053.83183562393,11722146.23733021,2.3444292474660418
32711,0.012474783615358222,892028970.0,71506568571.0,822157646.572619,822157646.572619,98418.45254313422,11962772.53202431,2.392554506404862
34168,0.012127331199496163,867183840.0,71506568571.0,813936070.1068927,813936070.1068927,94720.49174275315,11672126.582464097,2.3344253164928195
34186,0.01265004849312335,904561560.0,71506568571.0,805796709.4058238,805796709.4058238,97815.14219296658,12092436.876837343,2.4184873753674685
35367,0.013487685247298287,964458090.0,71506568571.0,797738742.3117656,797738742.3117656,103249.1577028576,12761967.650833996,2.5523935301667993
35733,0.012682800449297482,906903540.0,71506568571.0,789761354.8886479,789761354.8886479,96116.83215442962,12114821.083731266,2.4229642167462533
36579,0.013535544486923273,967880340.0,71506568571.0,781863741.3397615,781863741.3397615,101553.5745549061,12782940.445283253,2.5565880890566506
36908,0.013796646374108108,986550840.0,71506568571.0,774045103.9263638,774045103.9263638,102477.426744018,12981692.99489246,2.596338598978492
36993,0.013688739364245951,978834780.0,71506568571.0,766304652.8871002,766304652.8871002,100659.16599627689,12892870.251387414,2.5785740502774828
37563,0.013615993320015972,973632960.0,71506568571.0,758641606.3582292,758641606.3582292,99122.99083067593,12831907.619697446,2.5663815239394894
38771,0.01376108516552522,984007980.0,71506568571.0,751055190.2946469,751055190.2946469,99177.4516744614,12936760.464566458,2.587352092913292
37662,0.007,966030300.0,138004328571.0,2738477438.3917003,0.01984341699095922,96391.83938363205,21867159.935037605,4.373431987007521
